69.53000000	82.5	81.94
69.59000000	82.5	82.04
70.16500000	82.7	82.4
71.11800000	82.6	82.71
71.37400000	82.7	82.81
71.37700000	82.7	82.8
70.88200000	82.8	82.8
71.08500000	82.7	82.99
71.35100000	82.7	83.14
72.05800000	82.6	83.27
72.16900000	82.3	83.27
72.40900000	83.1	83.41
72.11100000	83.1	83.57
72.26400000	83.6	84.15
72.76500000	83.6	84.49
73.35700000	83.4	84.37
73.28900000	83.2	84.27
73.33800000	83.5	84.43
72.87800000	83.6	84.34
73.21300000	83.6	84.54
73.43100000	83.6	84.86
73.92600000	83.6	85.04
74.16700000	83.4	85.14
74.29400000	84	85.23
73.77300000	84	85.23
73.80700000	84.2	85.59
74.32200000	84.5	85.93
75.34000000	84.8	86.15
75.78400000	85	86.47
75.90400000	85	86.5
75.32800000	85.1	86.36
75.66100000	85.2	86.55
75.79600000	85	86.63
76.57500000	85.1	86.85
76.76700000	85	86.9
76.69200000	85.9	87
76.04600000	85.3	86.52
76.24300000	85.6	87.05
76.84600000	86	87.6
77.95300000	85.8	87.77
78.10200000	85.9	87.83
78.28400000	86.1	87.93
77.80500000	86.4	87.8
78.14700000	86.5	88.14
78.62700000	86.6	88.48
79.26600000	86.7	88.46
79.38600000	86.4	88.28
79.55700000	87.1	88.39
79.23400000	86.8	88.3
79.27200000	87.2	88.64
79.83300000	87.2	88.89
80.95900000	87.5	89.27
81.25100000	87.5	89.65
81.37400000	87.7	89.65
80.89000000	88	89.5
81.05500000	87.9	89.8
80.92200000	87.6	89.6
81.25400000	87.6	89.4
81.45500000	87.6	89.5
81.67800000	88.3	89.71
81.12900000	88.3	89.4
81.18400000	88.7	89.57
81.80000000	88.9	89.95
82.93000000	89.3	90.39
83.15800000	89.3	90.61
83.31100000	89.4	90.72
82.70400000	89.8	90.49
82.81800000	89.7	90.86
83.09000000	89.9	90.96
84.16700000	90.1	91.19
84.77000000	90.6	91.69
85.12500000	91.1	92.03
84.59800000	90.8	91.92
84.73000000	91.2	92.12
85.48200000	91.7	92.81
86.40200000	91.5	93.12
86.98500000	92	93.62
87.48600000	92.3	93.96
87.06600000	92.8	93.76
86.87900000	92.5	93.73
86.86100000	92.4	93.67
87.16000000	92.2	93.62
86.79000000	91.8	93.18
86.34500000	92.1	92.95
85.28100000	91.7	92.57
85.29000000	92.2	92.92
85.43000000	92	93.09
86.26400000	92.1	93.24
86.23400000	92	93.38
86.61400000	92.3	93.5
85.87400000	92.3	93.08
86.17400000	92.5	93.56
85.97100000	92.2	93.33
86.58400000	92.3	93.42
87.05300000	92.1	93.55
87.03100000	92.9	93.8
86.15800000	92.3	93.59
86.00100000	92.7	94.11
86.63900000	93.2	94.57
87.56200000	93.2	94.81
87.75600000	93.2	94.92
87.91300000	93.2	94.91
87.51900000	93.3	94.64
87.74000000	93.4	94.86
87.80100000	93.3	94.79
88.60300000	93.4	94.91
89.08400000	93.6	95.02
89.63100000	94.1	95.45
88.97500000	93.9	95.22
89.08800000	94.5	95.67
89.75400000	95	96.45
90.87100000	95.1	96.78
90.84100000	95	96.83
90.71300000	95.1	96.91
90.22600000	95.3	96.48
90.33800000	95.4	96.98
90.55900000	95.6	96.91
91.27300000	95.6	97.14
91.64300000	95.7	97.41
91.76200000	96	97.8
90.75300000	95.8	97.46
90.84700000	96.5	97.86
91.45800000	97.1	98.67
92.74300000	96.9	98.8
92.60600000	96.8	98.75
92.43300000	96.7	98.78
92.21700000	97.1	98.35
92.73600000	97.4	99
93.64900000	97.5	98.76
94.44500000	97.5	98.94
94.32800000	97.6	98.79
94.39400000	97.9	99.1
93.18800000	97.4	98.6
93.34900000	98	98.88
93.67800000	98.4	99.63
94.02800000	98	99.48
94.20100000	98.4	99.54
94.34000000	98.5	99.7
93.85300000	98.9	99.4
94.14500000	98.9	99.86
93.96900000	98.9	99.63
94.35100000	98.7	99.5
94.54700000	98.9	99.46
94.63200000	99.3	99.8
93.37300000	98.8	99.24
93.33300000	99.2	99.79
93.54100000	99.5	100.24
94.37300000	99.4	100.2
94.39500000	99.2	100.22
94.42100000	99.5	100.18
93.53300000	99.7	99.86
93.68100000	99.8	100.3
93.82400000	99.8	99.92
94.26100000	99.5	99.95
94.19500000	99.5	99.78
93.64600000	99.5	99.86
92.14100000	98.5	98.86
92.33100000	99.2	99.52
92.92000000	99.7	100.17
93.77400000	100.2	100.28
94.22200000	100.4	100.52
94.47400000	100.4	100.44
93.59700000	100.6	100.03
93.28600000	100.6	100.35
92.99900000	100.4	99.95
93.59500000	100.4	100.01
93.93700000	99.7	99.82
93.66300000	99.7	100.04
91.87600000	99	99.08
91.55200000	99.3	99.33
92.13900000	100	100.02
92.78500000	100.1	100.09
93.29200000	100.6	100.5
93.72300000	100.7	100.63
93.04100000	101.1	100.25
93.16100000	101	100.58
93.16500000	101	100.34
94.23000000	101.2	100.37
94.57200000	100.5	100.35
95.13200000	101.2	100.65
94.60900000	100.6	100.41
94.26900000	101.2	100.53
94.24900000	101.4	101.17
95.15400000	101.8	101.26
95.09700000	101.8	101.31
95.13800000	102.1	101.32
94.48200000	102.5	100.97
94.67000000	102.6	101.49
94.83500000	102.7	101.33
95.71000000	102.5	101.43
96.14700000	102.1	101.53
96.19000000	102.6	101.85
95.15300000	102	101.75
95.28100000	102.3	101.72
95.39300000	102.9	102.75
96.18100000	103.1	102.92
97.04800000	103.9	103.36
97.30200000	104	103.37
96.60400000	104.4	103.28
96.74200000	104.5	103.78
96.97800000	104.7	103.56
97.87500000	104.9	103.67
97.76800000	104.2	103.45
97.32900000	104.2	103.47
96.08500000	103.4	103.01
96.32000000	103.8	103.06
96.66900000	104.2	103.89
97.64400000	105.2	104.22
97.83400000	105.4	104.33
97.71900000	105.7	104.58
97.11300000	106.2	104.38
97.05900000	106	104.86
97.05900000	106	104.5
98.00100000	106.1	104.46
98.16700000	105.3	104.52
98.09600000	105.8	104.98
